80
79
75
340
15
113
275
241
167
154
407
296
414
7
12
350
68
444
327
113
493
130
339
384
220
468
123
199
48
355
425
261
70
423
411
264
353
455
497
463
344
320
238
410
314
92
57
437
19
323
156
233
116
319
232
355
218
77
197
89
261
23
397
86
104
38
200
396
346
269
19
483
145
113
23
419
346
266
79
289
295
398
266
375
345
479
429
482
66
392
485
250
55
292
266
235
238
227
53
56
322
87
454
413
223
18
489
8
57
256
351
271
152
167
473
328
166
26
135
126
190
94
110
226
377
495
75
134
417
188
59
366
448
325
277
169
384
46
145
414
373
69
124
317
33
282
362
266
429
473
333
458
460
24
139
20
414
491
165
213
56
445
189
470
69
16
92
381
14
495
454
457
420
213
79
493
269
318
207
445
478
345
153
450
403
40
251
2
82
4
386
227
247
74
443
293
185
38
445
192
85
38
311
455
201
234
219
360
364
262
449
6
408
484
296
443
405
381
147
351
161
331
368
174
418
111
178
268
483
472
423
439
132
329
117
69
468
196
467
414
218
235
343
184
494
296
141
211
329
456
61
102
448
29
302
119
266
385
39
186
254
106
419
360
159
267
442
26
183
52
83
489
279
440
442
328
399
82
118
338
267
6
125
188
326
243
337
10
324
438
323
411
332
233
385
136
483
6
162
361
493
26
358
295
405
365
258
316
243
166
226
313
84
10
231
273
243
157
499
81
252
500
375
459
155
479
246
358
30
428
256
298
500
449
413
412
236
77
356
437
46
406
108
26
426
425
307
172
413
481
177
68
183
370
452
208
53
173
132
252
363
107
174
367
247
467
81
302
399
213
78
439
401
37
201
121
341
27
78
95
304
333
38
340
49
228
2
207
61
372
263
171
438
202
411
437
286
188
170
8
7
211
352
243
369
55
451
398
102
52
453
299
411
200
430
179
125
435
382
66
114
447
300
198
268
95
24
284
190
112
132
392
166
484
219
153
16
205
1
7
78
147
427
76
438
470
491
493
138
145
293
13
433
362
18
164
327
27
88
410
165
420
146
457
198
274
299
278
179
496
446
481
392
407
53
365
218
492
448
106
76
91
222
244
421
78
32
418
40
249
265
355
383
452
430
70
349
410
2
447
